444.3
216.613
56.7
306.5
412
220.7
137.12
108.141
444
403.8
122.28
477.2
251.88
313.073
379
423.343
87.39
41.547
251.61
447.581
363.12
428.0
328.70
376
378
408
411.0
378.1
450.0
116.619
335.089
202.4
333.67
447.811
15.263
445.935
99.08
215.9
296.93
308
346.357
200.883
188
28.717
138
43.219
158.279
290.5
464.079
433.9
4.061
315.299
33
18.2
366.647
204.201
113.921
208.51
311
349.6
348.68
150.875
197.31
54.979
472.0
162.6
252
167
493.9
89
354.733
477
45.26
80.42
23
320.485
290.64
284.53
14.7
69
236.48
95.2
462.241
277.8
128.401
207.5
427.14
119
116.53
97.40
369
185.5
459.837
375.3
138.417
202.98
20.64
75
350.78
351
184.545
256
291.7
230.0
372.71
420.84
392
458.7
370
256.239
486.93
204.3
273.15
332.14
340.51
218.6
112.673
371.2
221.949
113.4
491.11
197.467
47
474.59
428.439
311.9
42.3
402.8
3.3
240.3
113.891
362
2.7
73.4
56
301.3
236
89.55
305
428.85
388.885
304.365
287.67
201.959
79.631
406
268.331
86.87
454
492.13
329.787
396.01
438.1
156.179
386.4
335.109
2.251
363.09
50
450.45
142.4
49
58.51
216.21
354
12
319
138
165.21
37.73
432.0
189
321.651
419.33
203.28
277.50
398.73
278.71
232.63
35.58
316.5
120.8
218
375.669
128.3
5.45
480.68
444.1
111.37
465.74
42
419.43
35
448.15
37.043
321
247.64
214
52
144.289
495.577
249.85
329.707
54.79
424.0
494.4
345.80
273.6
126.48
348.177
168.249
392.25
399.381
308.113
19.641
444.697
145.137
201
454
316
75
236
323
168.6
401
274.381
275.883
275.639
299.31
152.123
69.50
460.5
10.061
310.333
137
125.449
205.5
164.90
260.61
91.02
135.681
177.353
22.223
202
51.01
242.293
238.345
19
364.1
301.6
199.75
289
73.471
212.98
223.7
229.9
92.99
23.30
85.4
179.66
79.65
443
217.36
10.86
283.895
350
105.3
48.6
84.25
37
435.165
315.641
132.943
305
473.025
188.557
234.1
140.9
50.91
445.189
337.69
379.04
243
70.72
340
439.3
395
226.845
.5
298.70
244.49
37
124.03
238.973
64
270
147.491
330.3
472
234.07
444.32
194
67.0
432.5
233.44
78.97
28.93
170.33
397.407
31.9
239.33
97.1
485.2
198.787
197
221.265
121.07
292.159
361.121
151.2
39.9
139.42
308.765
131.37
436
185.367
239.1
51.55
233.33
399.449
449.819
127
478
177.063
304.96
252.66
258
50.245
450.0
487.47
419
403
484.9
132
113.615
430.44
220
57
204
86.53
183.98
39.419
454.8
369
36.1
450.329
443
85
92
164.39
426.37
489
350
125.17
388
420.1
382.81
250.1
443
12.64
494.4
337
355
336.32
105.98
495.27
183.6
161.581
95.711
378.0
414.611
412.44
139.9
85.779
355.87
57.4
442.4
237.261
265
62
447
180.5
152.2
497.8
499.95
357.0
236.0
474.34
297.2
256.663
110
486
464.7
362.1
125
119.711
34.603
446.497
298.7
259
295
306.5
451.08
301.57
363
168
159
431
184.711
201
20
142.9
153
176
416.92
244.593
73
119.76
154.06
477
10.2
235.0
479.87
465.1
486.287
206.719
424.7
317
52
178.407
317
169.039
192.9
450
103
337
263.67
245
116.515
140.1
108.5
266.18
340.98
275.71
222.3
348
304.0
54.5
445.10
208.491
448
59
136.5
306.20
172.553
431.2
126.627
411.129
51
251.85
75.9
84.81
46
425.13
220.1
24.425
205.007
329
212.19
191
382.585
462
322.00
101.70
87
39.7
231.2
154.1
180.905
224.569
458.4
17.4
28.21
372.603
163
387.58
227
127
28.535
219.9
309.307
367.6
328
332
478.74
335
122.483
74
88.533
358.437
431.98
85.33
295.5
285.27
371
7
247.19
270.9
59.4
157.6
348.8
463.805
370.23
64.1
202.9
398
384.68
133.4
185.8
204.95
156.065
372.8
81.781
35.3
387.391
356
141
352.2
463
328
192.98
414.8
381.079
330.95
451.8
65.88
74.80
111.97
254.04
268.3
441
461.513
308.77
443.04
158.38
379.297
462
36.27
236.353
140
238.3
486.4
99
65.34
487.9
165
383.411
182.6
486.7
146.00
125
196.8
28.339
188.55
30.8
200.105
221
404.463
224.23
382.8
145.327
424
361.4
55
155.88
488.227
454.029
379.251
415
181.905
440
180.315
165.4
203.20
466
416.8
175.8
480.2
132.1
61.069
1295
71.803
63.827
508.19
1543.6
72.0
411.259
780
188.77
568.103
547.55
1884.0
436
509.01
1463
1936.91
756.31
602
223.1
1982.40
35.3
629.22
835.12
58
1138
1955.5
474
521.0
1418
1703.00
799.491
1868.939
1276.8
1346.89
932
450.7
1301.63
1508
1449
2
259.54
362.879
1229
1984.951
1579.21
798
1023.07
1997.7
1017.9
773.45
1854.33
1250.523
1981.65
1702.65
6.30
1973
1101.819
1055.047
1826.17
126
220.1
705.58
1173.45
156.1
1481.6
739.0
1912
789.0
1189.60
207.003
1412.2
1042.46
287.5
857
1049
1922.89
94
850.135
1429.587
1988.86
1040.5
193.5
741.82
1698.03
1225
972.54
1440.467
724
560.47
1430.451
250.99
1294.1
1373.9
901.171
1434.10
548
1834
602.29
518.6
47
1312
1034.311
1776.66
1829.71
231.3
1126
1275.127
413.73
1497.70
560.847
71.49
128.371
457.591
1419
944.7
1690
23
657
1059.347
249.19
735.723
1390.771
651
1851.879
1126.399
947.175
823.01
843.0
410
1763.643
1266
1671.0
927.147
1865.77
636.047
1702.83
312.23
1510.227
1712.83
582.219
1810
539.4
830.50
1771.527
1755
1405
153.93
948.487
845.35
1278
1899
1294.49
1265.2
377
421.1
1768.6
1658.7
410.74
845
1651.59
1681.7
613.51
1488.86
606.8
1670.78
1138.78
1097.431
738.171
1442.859
658.815
82.69
947
1925
384.5
1305.839
992
423
588.391
517.95
1904.111
697.0
620.6
1096.11
1314.983
1348.75
1453.611
743.531
1606.5
314.9
555.46
324.803
1237.803
1699.28
520
1447.3
1845.407
713.0
415
1057.4
997.41
